[0,0] [1,1]|(1 [1,2,3] [2,3,4]);(2 [0,0,0] [100,100,100])
[58,87] [43,64]|(1 [-79,-47,76] [42,-5,9]);(2 [-76,84,-4] [-100,44,-23]);(3 [1,58,86] [76,-58,-17]);(4 [13,-41,41] [-47,23,64]);(5 [33,-59,14] [-7,24,16]);(6 [96,85,-42] [-40,56,19]);(7 [83,-60,-85] [16,-13,73]);(8 [33,84,-72] [-29,64,14]);(9 [-88,74,4] [22,-74,80]);(10 [-84,-44,49] [-13,-67,68]);(11 [-95,-51,21] [26,-42,-73]);(12 [-94,-39,13] [74,90,-35]);(13 [-18,59,-96] [43,-14,-79]);(14 [74,-82,-63] [92,-69,85]);(15 [-20,-93,22] [83,85,43])
[22,28] [97,25]|(1 [10,77,-23] [98,-14,-27]);(2 [86,0,41] [-95,-21,-60]);(3 [18,60,36] [-48,4,-71]);(4 [76,74,0] [36,58,-34]);(5 [-73,63,-15] [67,-11,98]);(6 [14,-70,-23] [-78,-72,-51]);(7 [-3,75,-52] [24,-80,46])
[67,19] [30,94]|(1 [62,-72,78] [-4,30,-70]);(2 [-43,5,94] [30,73,-76]);(3 [-84,74,20] [83,-60,-91]);(4 [71,-19,53] [-64,70,5])
[80,93] [17,84]|(1 [-98,82,-75] [-98,41,-72]);(2 [93,-75,-69] [-55,74,41]);(3 [76,-3,-47] [87,98,57]);(4 [-66,-28,-6] [-32,-60,94])
[38,52] [8,6]|(1 [64,-20,70] [-77,64,-90]);(2 [-99,-46,-80] [-55,71,-89]);(3 [-2,-81,87] [-89,-17,42]);(4 [63,-62,0] [-36,13,54]);(5 [-9,38,-12] [-49,-59,68]);(6 [-3,78,80] [75,15,-29]);(7 [80,-54,-59] [51,-96,40]);(8 [86,-17,-63] [-15,-39,-36]);(9 [-68,24,-62] [45,41,30])
[37,24] [5,8]|(1 [72,-34,63] [70,-97,59]);(2 [14,-2,35] [13,70,44]);(3 [-14,-17,75] [-50,61,-62]);(4 [60,52,-6] [36,-34,-11]);(5 [74,72,70] [51,-10,-42])
[98,26] [28,89]|(1 [-71,80,86] [-38,-30,-87]);(2 [-47,89,-27] [85,4,59]);(3 [-2,33,77] [-30,31,13]);(4 [-50,-5,100] [4,-54,-74]);(5 [-4,-63,19] [-44,85,-73])
[37,16] [7,51]|(1 [-34,32,34] [-77,59,9]);(2 [-100,-94,-28] [-56,-49,-68]);(3 [-41,-2,42] [36,-11,-3]);(4 [63,41,-25] [-59,46,-12]);(5 [-86,-35,-18] [75,-85,-27]);(6 [-3,-31,-54] [99,-16,57]);(7 [36,-94,-57] [-90,-9,-14]);(8 [-28,1,-82] [37,91,43]);(9 [-78,-6,-45] [-55,83,-44]);(10 [78,68,85] [80,-9,76]);(11 [93,-14,-50] [-56,-94,84]);(12 [61,69,69] [72,-49,-67])
[41,97] [47,83]|(1 [33,-54,59] [-71,77,-23]);(2 [-100,55,-87] [92,65,-71]);(3 [-64,76,97] [-26,-63,-55]);(4 [-72,43,-48] [65,-90,84]);(5 [98,36,-17] [53,-90,-31]);(6 [-87,50,47] [94,-46,-30]);(7 [83,74,24] [-67,-65,54]);(8 [91,28,-2] [-78,58,-3]);(9 [98,69,98] [-24,16,38]);(10 [-53,-58,-19] [-3,-50,56]);(11 [11,69,59] [42,24,-15]);(12 [-91,6,6] [14,-17,2]);(13 [-26,-76,22] [19,-13,-39]);(14 [-72,-21,22] [-70,-42,99]);(15 [73,-47,64] [-86,-41,69])
[93,35] [97,79]|(1 [84,6,36] [37,-19,-16]);(2 [24,58,-47] [36,-41,-13]);(3 [-46,91,43] [-97,-44,8]);(4 [-35,-19,81] [94,-46,42]);(5 [-32,-74,80] [99,22,79]);(6 [-29,-11,86] [23,43,-1]);(7 [-79,75,-88] [100,80,32]);(8 [57,-57,1] [24,43,-62]);(9 [11,97,64] [-70,-78,-73]);(10 [60,51,63] [73,-66,-92]);(11 [-71,15,-1] [-66,-57,-83]);(12 [-48,-65,-82] [-40,56,-11]);(13 [88,-14,63] [-20,45,54]);(14 [-28,8,33] [-78,99,-69]);(15 [89,-44,82] [17,32,36])
[26,70] [4,4]|(1 [53,86,36] [-41,98,26]);(2 [-29,-20,90] [-16,70,-37]);(3 [-40,76,-12] [-83,-83,-24]);(4 [-41,-28,-31] [39,-5,81]);(5 [21,-70,32] [96,-65,2]);(6 [49,55,85] [27,72,-59]);(7 [13,-92,-25] [100,-67,24]);(8 [92,54,21] [-62,57,3]);(9 [-19,-22,-6] [-25,4,4]);(10 [77,89,-2] [-60,20,-93]);(11 [50,7,17] [37,-9,-24]);(12 [-65,-20,64] [-43,68,23]);(13 [36,-30,10] [-76,-94,-38])
[0,0] [100,100]|(1 [2,3,5] [42,61,10]);(3 [5,6,6] [12,3,7]);(2 [3,2,1] [12,6,7])
[0,0] [1,0]|(1 [2,3,5] [42,61,10]);(2 [5,6,6] [12,3,7]);(3 [51,51,51] [101,101,101])
[79,14] [89,69]|(1 [-44,-87,-3] [-7,6,90]);(2 [67,-91,58] [-94,46,-97]);(3 [-22,-5,-21] [-81,-47,9]);(4 [22,32,62] [4,-16,73]);(5 [74,95,-28] [-88,85,46]);(6 [31,-36,42] [-57,65,-57]);(7 [-29,-49,-45] [-74,-18,99]);(8 [-84,-14,-81] [-28,-23,-10]);(9 [-67,75,-51] [97,-43,79]);(10 [16,-56,67] [-2,-61,-87]);(11 [41,-38,25] [-36,64,-77]);(12 [-81,82,-40] [-87,-49,-19]);(13 [34,-47,57] [-32,8,-97])
[84,89] [77,16]|(1 [-45,77,58] [-25,58,41]);(2 [23,23,-14] [-22,91,-7]);(3 [93,35,-48] [-34,-67,69]);(4 [-72,58,9] [99,-36,-62]);(5 [-71,100,-77] [22,75,-46]);(6 [95,-97,35] [22,12,-10]);(7 [84,52,68] [-39,-1,-33]);(8 [-24,25,76] [85,93,-72])
[45,95] [12,77]|(1 [-99,6,58] [100,43,-92]);(2 [-78,-17,42] [-89,45,60]);(3 [25,25,97] [30,99,-27]);(4 [89,-30,92] [44,-33,74]);(5 [-38,44,18] [33,-16,44]);(6 [83,84,-33] [57,-29,8]);(7 [-87,-12,75] [-63,-83,-78]);(8 [90,58,-52] [-95,72,12]);(9 [-4,51,-73] [46,-41,-51]);(10 [22,-57,-7] [22,-73,15]);(11 [42,-23,-91] [45,-51,-77]);(12 [2,81,79] [-46,-49,-40]);(13 [58,1,-27] [-29,-92,-45])
[82,60] [7,77]|(1 [73,-70,3] [-82,-79,-59]);(2 [-69,-45,61] [-4,62,78]);(3 [-34,-71,-71] [-84,-3,-17]);(4 [-2,-31,24] [-4,-28,4]);(5 [-17,-92,-22] [-30,-98,-84]);(6 [95,41,-14] [77,62,75]);(7 [13,45,-3] [10,60,82]);(8 [42,45,16] [49,4,31]);(9 [36,30,87] [-59,-79,58]);(10 [-89,99,-79] [-58,68,76]);(11 [-17,-84,76] [11,55,-28]);(12 [86,24,-1] [-24,7,75]);(13 [76,-34,-34] [85,53,49])
[96,26] [36,3]|(1 [-3,28,-96] [-74,35,-48]);(2 [-73,5,-36] [81,-89,-78]);(3 [-49,-82,-21] [-8,65,100]);(4 [-79,-78,-22] [-79,-94,60]);(5 [37,-69,-30] [54,-16,39]);(6 [77,23,35] [-77,-12,96]);(7 [70,67,72] [-65,59,96]);(8 [88,79,-63] [-31,33,-93]);(9 [-46,-80,83] [-18,87,50]);(10 [-68,73,98] [68,-25,41]);(11 [62,-73,-6] [-10,-76,-61]);(12 [-74,85,53] [71,76,-59]);(13 [-62,55,-25] [-3,33,-62]);(14 [-37,-30,10] [-22,67,92]);(15 [24,-72,100] [29,7,41])
[19,65] [67,46]|(1 [0,-43,-65] [16,-41,23]);(2 [33,-58,28] [-67,-14,-66]);(3 [-86,-42,1] [15,-91,-10]);(4 [97,94,-24] [50,67,-85]);(5 [-92,96,16] [18,42,40]);(6 [-52,95,-86] [-64,-3,-57]);(7 [1,98,24] [-79,-63,-4]);(8 [-96,34,-76] [95,41,-98]);(9 [-66,37,-81] [-25,39,21]);(10 [-23,5,37] [-15,32,23])